function c=water_sos(T)

c=1.402385.*1e3+5.038813.*T-5.799136.*1e-2.*T.^2+3.287156.*1e-4.*T.^3-1.398845.*1e-6.*T.^4+2.787860.*1e-9.*T.^5;